(base) laurenalvarez@Laurens-MacBook-Air sublime % python sk.py
Processing GermanCredit.csv:   0%|                                                                              | 0/2 [00:00<?, ?it/s]
GermanCredit-recall+

   1     1_sav( (*                        |                        ), 0.560,  0.560,  0.560,  0.560,  0.560
   2     1_C_a( (*                        |                        ), 0.560,  0.560,  0.560,  0.560,  0.560
   3     1_Age( (*                        |                        ), 0.560,  0.560,  0.560,  0.560,  0.560
   4     1_sex( (*                        |                        ), 0.560,  0.560,  0.560,  0.560,  0.560
   5     1_f_w( (*                        |                        ), 0.560,  0.560,  0.560,  0.560,  0.560
   6     2_sav( (                  *      |                        ), 0.710,  0.710,  0.710,  0.710,  0.710
   7     2_C_a( (                  *      |                        ), 0.710,  0.710,  0.710,  0.710,  0.710
   8     2_Age( (                  *      |                        ), 0.710,  0.710,  0.710,  0.710,  0.710
   9     2_sex( (                  *      |                        ), 0.710,  0.710,  0.710,  0.710,  0.710
  10     2_f_w( (                  *      |                        ), 0.710,  0.710,  0.710,  0.710,  0.710
  11     3_sav( (                    *    |                        ), 0.730,  0.730,  0.730,  0.730,  0.730
  11     3_C_a( (                    *    |                        ), 0.730,  0.730,  0.730,  0.730,  0.730
  11     3_Age( (                    *    |                        ), 0.730,  0.730,  0.730,  0.730,  0.730
  11     3_sex( (                    *    |                        ), 0.730,  0.730,  0.730,  0.730,  0.730
  11     3_f_w( (                    *    |                        ), 0.730,  0.730,  0.730,  0.730,  0.730
  12     5_sav( (                         |*                       ), 0.780,  0.780,  0.780,  0.780,  0.780
  13     5_C_a( (                         |*                       ), 0.780,  0.780,  0.780,  0.780,  0.780
  14     5_Age( (                         |*                       ), 0.780,  0.780,  0.780,  0.780,  0.780
  15     5_sex( (                         |*                       ), 0.780,  0.780,  0.780,  0.780,  0.780
  16     5_f_w( (                         |*                       ), 0.780,  0.780,  0.780,  0.780,  0.780
  17    28_sav( (                         |                       *), 0.970,  0.970,  0.970,  0.970,  0.970
  18    28_C_a( (                         |                       *), 0.970,  0.970,  0.970,  0.970,  0.970
  19    28_Age( (                         |                       *), 0.970,  0.970,  0.970,  0.970,  0.970
  20    28_sex( (                         |                       *), 0.970,  0.970,  0.970,  0.970,  0.970
  21    28_f_w( (                         |                       *), 0.970,  0.970,  0.970,  0.970,  0.970

GermanCredit-prec+

   1     1_sav( (*                        |                        ), 0.040,  0.040,  0.040,  0.040,  0.040
   2     1_C_a( (*                        |                        ), 0.040,  0.040,  0.040,  0.040,  0.040
   3     1_Age( (*                        |                        ), 0.040,  0.040,  0.040,  0.040,  0.040
   4     1_sex( (*                        |                        ), 0.040,  0.040,  0.040,  0.040,  0.040
   5     1_f_w( (*                        |                        ), 0.040,  0.040,  0.040,  0.040,  0.040
   6     2_sav( (                    *    |                        ), 0.400,  0.400,  0.400,  0.400,  0.400
   7     2_C_a( (                    *    |                        ), 0.400,  0.400,  0.400,  0.400,  0.400
   8     2_Age( (                    *    |                        ), 0.400,  0.400,  0.400,  0.400,  0.400
   9     2_sex( (                    *    |                        ), 0.400,  0.400,  0.400,  0.400,  0.400
  10     2_f_w( (                    *    |                        ), 0.400,  0.400,  0.400,  0.400,  0.400
  11     3_sav( (                         |*                       ), 0.500,  0.500,  0.500,  0.500,  0.500
  11     3_C_a( (                         |*                       ), 0.500,  0.500,  0.500,  0.500,  0.500
  11     3_Age( (                         |*                       ), 0.500,  0.500,  0.500,  0.500,  0.500
  11     3_sex( (                         |*                       ), 0.500,  0.500,  0.500,  0.500,  0.500
  11     3_f_w( (                         |*                       ), 0.500,  0.500,  0.500,  0.500,  0.500
  12     5_sav( (                         | *                      ), 0.520,  0.520,  0.520,  0.520,  0.520
  13     5_C_a( (                         | *                      ), 0.520,  0.520,  0.520,  0.520,  0.520
  14     5_Age( (                         | *                      ), 0.520,  0.520,  0.520,  0.520,  0.520
  15     5_sex( (                         | *                      ), 0.520,  0.520,  0.520,  0.520,  0.520
  16     5_f_w( (                         | *                      ), 0.520,  0.520,  0.520,  0.520,  0.520
  17    28_sav( (                         |                       *), 0.900,  0.900,  0.900,  0.900,  0.900
  18    28_C_a( (                         |                       *), 0.900,  0.900,  0.900,  0.900,  0.900
  19    28_Age( (                         |                       *), 0.900,  0.900,  0.900,  0.900,  0.900
  20    28_sex( (                         |                       *), 0.900,  0.900,  0.900,  0.900,  0.900
  21    28_f_w( (                         |                       *), 0.900,  0.900,  0.900,  0.900,  0.900

GermanCredit-acc+

   1     1_sav( (*                        |                        ), 0.700,  0.700,  0.700,  0.700,  0.700
   2     1_C_a( (*                        |                        ), 0.700,  0.700,  0.700,  0.700,  0.700
   3     1_Age( (*                        |                        ), 0.700,  0.700,  0.700,  0.700,  0.700
   4     1_sex( (*                        |                        ), 0.700,  0.700,  0.700,  0.700,  0.700
   5     1_f_w( (*                        |                        ), 0.700,  0.700,  0.700,  0.700,  0.700
   6     2_sav( (             *           |                        ), 0.770,  0.770,  0.770,  0.770,  0.770
   7     2_C_a( (             *           |                        ), 0.770,  0.770,  0.770,  0.770,  0.770
   8     2_Age( (             *           |                        ), 0.770,  0.770,  0.770,  0.770,  0.770
   9     2_sex( (             *           |                        ), 0.770,  0.770,  0.770,  0.770,  0.770
  10     2_f_w( (             *           |                        ), 0.770,  0.770,  0.770,  0.770,  0.770
  11     3_sav( (                 *       |                        ), 0.790,  0.790,  0.790,  0.790,  0.790
  11     3_C_a( (                 *       |                        ), 0.790,  0.790,  0.790,  0.790,  0.790
  11     3_Age( (                 *       |                        ), 0.790,  0.790,  0.790,  0.790,  0.790
  11     3_sex( (                 *       |                        ), 0.790,  0.790,  0.790,  0.790,  0.790
  11     3_f_w( (                 *       |                        ), 0.790,  0.790,  0.790,  0.790,  0.790
  12     5_sav( (                     *   |                        ), 0.810,  0.810,  0.810,  0.810,  0.810
  13     5_C_a( (                     *   |                        ), 0.810,  0.810,  0.810,  0.810,  0.810
  14     5_Age( (                     *   |                        ), 0.810,  0.810,  0.810,  0.810,  0.810
  15     5_sex( (                     *   |                        ), 0.810,  0.810,  0.810,  0.810,  0.810
  16     5_f_w( (                     *   |                        ), 0.810,  0.810,  0.810,  0.810,  0.810
  17    28_sav( (                         |                       *), 0.960,  0.960,  0.960,  0.960,  0.960
  18    28_C_a( (                         |                       *), 0.960,  0.960,  0.960,  0.960,  0.960
  19    28_Age( (                         |                       *), 0.960,  0.960,  0.960,  0.960,  0.960
  20    28_sex( (                         |                       *), 0.960,  0.960,  0.960,  0.960,  0.960
  21    28_f_w( (                         |                       *), 0.960,  0.960,  0.960,  0.960,  0.960

GermanCredit-F1+

   1     1_sav( (*                        |                        ), 0.070,  0.070,  0.070,  0.070,  0.070
   2     1_C_a( (*                        |                        ), 0.070,  0.070,  0.070,  0.070,  0.070
   3     1_Age( (*                        |                        ), 0.070,  0.070,  0.070,  0.070,  0.070
   4     1_sex( (*                        |                        ), 0.070,  0.070,  0.070,  0.070,  0.070
   5     1_f_w( (*                        |                        ), 0.070,  0.070,  0.070,  0.070,  0.070
   6     2_sav( (                         *                        ), 0.510,  0.510,  0.510,  0.510,  0.510
   7     2_C_a( (                         *                        ), 0.510,  0.510,  0.510,  0.510,  0.510
   8     2_Age( (                         *                        ), 0.510,  0.510,  0.510,  0.510,  0.510
   9     2_sex( (                         *                        ), 0.510,  0.510,  0.510,  0.510,  0.510
  10     2_f_w( (                         *                        ), 0.510,  0.510,  0.510,  0.510,  0.510
  11     3_sav( (                         |    *                   ), 0.590,  0.590,  0.590,  0.590,  0.590
  11     3_C_a( (                         |    *                   ), 0.590,  0.590,  0.590,  0.590,  0.590
  11     3_Age( (                         |    *                   ), 0.590,  0.590,  0.590,  0.590,  0.590
  11     3_sex( (                         |    *                   ), 0.590,  0.590,  0.590,  0.590,  0.590
  11     3_f_w( (                         |    *                   ), 0.590,  0.590,  0.590,  0.590,  0.590
  12     5_sav( (                         |     *                  ), 0.620,  0.620,  0.620,  0.620,  0.620
  13     5_C_a( (                         |     *                  ), 0.620,  0.620,  0.620,  0.620,  0.620
  14     5_Age( (                         |     *                  ), 0.620,  0.620,  0.620,  0.620,  0.620
  15     5_sex( (                         |     *                  ), 0.620,  0.620,  0.620,  0.620,  0.620
  16     5_f_w( (                         |     *                  ), 0.620,  0.620,  0.620,  0.620,  0.620
  17    28_sav( (                         |                       *), 0.930,  0.930,  0.930,  0.930,  0.930
  18    28_C_a( (                         |                       *), 0.930,  0.930,  0.930,  0.930,  0.930
  19    28_Age( (                         |                       *), 0.930,  0.930,  0.930,  0.930,  0.930
  20    28_sex( (                         |                       *), 0.930,  0.930,  0.930,  0.930,  0.930
  21    28_f_w( (                         |                       *), 0.930,  0.930,  0.930,  0.930,  0.930

GermanCredit-AOD-

   1     5_Age( (*                        |                        ), -0.100,  -0.100,  -0.100,  -0.100,  -0.100
   2     3_Age( (       *                 |                        ), -0.060,  -0.060,  -0.060,  -0.060,  -0.060
   3     1_Age( (           *             |                        ), -0.040,  -0.040,  -0.040,  -0.040,  -0.040
   4     2_Age( (           *             |                        ), -0.040,  -0.040,  -0.040,  -0.040,  -0.040
   5    28_f_w( (           *             |                        ), -0.040,  -0.040,  -0.040,  -0.040,  -0.040
   6    28_Age( (               *         |                        ), -0.020,  -0.020,  -0.020,  -0.020,  -0.020
   7     1_C_a( (                   *     |                        ), 0.000,  0.000,  0.000,  0.000,  0.000
   7     2_C_a( (                   *     |                        ), 0.000,  0.000,  0.000,  0.000,  0.000
   7     3_C_a( (                   *     |                        ), 0.000,  0.000,  0.000,  0.000,  0.000
   8     3_f_w( (                   *     |                        ), 0.000,  0.000,  0.000,  0.000,  0.000
   8     5_C_a( (                   *     |                        ), 0.000,  0.000,  0.000,  0.000,  0.000
   8    28_C_a( (                   *     |                        ), 0.000,  0.000,  0.000,  0.000,  0.000
   9     1_sav( (                     *   |                        ), 0.010,  0.010,  0.010,  0.010,  0.010
  10     1_sex( (                       * |                        ), 0.020,  0.020,  0.020,  0.020,  0.020
  11     1_f_w( (                       * |                        ), 0.020,  0.020,  0.020,  0.020,  0.020
  12    28_sex( (                       * |                        ), 0.020,  0.020,  0.020,  0.020,  0.020
  13     2_sex( (                        *|                        ), 0.030,  0.030,  0.030,  0.030,  0.030
  14     3_sex( (                        *|                        ), 0.030,  0.030,  0.030,  0.030,  0.030
  15     5_sex( (                        *|                        ), 0.030,  0.030,  0.030,  0.030,  0.030
  16    28_sav( (                         |    *                   ), 0.060,  0.060,  0.060,  0.060,  0.060
  17     2_sav( (                         |            *           ), 0.100,  0.100,  0.100,  0.100,  0.100
  18     2_f_w( (                         |                  *     ), 0.130,  0.130,  0.130,  0.130,  0.130
  19     5_sav( (                         |                  *     ), 0.130,  0.130,  0.130,  0.130,  0.130
  20     3_sav( (                         |                       *), 0.160,  0.160,  0.160,  0.160,  0.160
  21     5_f_w( (                         |                       *), 0.160,  0.160,  0.160,  0.160,  0.160

GermanCredit-EOD-

   1     5_Age( (*                        |                        ), -0.140,  -0.140,  -0.140,  -0.140,  -0.140
   2    28_f_w( (       *                 |                        ), -0.070,  -0.070,  -0.070,  -0.070,  -0.070
   3     3_Age( (         *               |                        ), -0.060,  -0.060,  -0.060,  -0.060,  -0.060
   4     1_Age( (          *              |                        ), -0.050,  -0.050,  -0.050,  -0.050,  -0.050
   5     2_Age( (          *              |                        ), -0.050,  -0.050,  -0.050,  -0.050,  -0.050
   6     3_f_w( (             *           |                        ), -0.020,  -0.020,  -0.020,  -0.020,  -0.020
   7    28_Age( (             *           |                        ), -0.020,  -0.020,  -0.020,  -0.020,  -0.020
   8     1_C_a( (               *         |                        ), 0.000,  0.000,  0.000,  0.000,  0.000
   9     2_C_a( (               *         |                        ), 0.000,  0.000,  0.000,  0.000,  0.000
  10     3_C_a( (               *         |                        ), 0.000,  0.000,  0.000,  0.000,  0.000
  10     5_C_a( (               *         |                        ), 0.000,  0.000,  0.000,  0.000,  0.000
  11    28_C_a( (               *         |                        ), 0.000,  0.000,  0.000,  0.000,  0.000
  12     1_sav( (                 *       |                        ), 0.010,  0.010,  0.010,  0.010,  0.010
  13     1_sex( (                  *      |                        ), 0.020,  0.020,  0.020,  0.020,  0.020
  14    28_sex( (                   *     |                        ), 0.030,  0.030,  0.030,  0.030,  0.030
  15     1_f_w( (                    *    |                        ), 0.040,  0.040,  0.040,  0.040,  0.040
  15     2_sex( (                    *    |                        ), 0.040,  0.040,  0.040,  0.040,  0.040
  16     5_sex( (                      *  |                        ), 0.060,  0.060,  0.060,  0.060,  0.060
  17     3_sex( (                       * |                        ), 0.070,  0.070,  0.070,  0.070,  0.070
  18    28_sav( (                         | *                      ), 0.100,  0.100,  0.100,  0.100,  0.100
  19     2_sav( (                         |      *                 ), 0.150,  0.150,  0.150,  0.150,  0.150
  20     5_sav( (                         |              *         ), 0.220,  0.220,  0.220,  0.220,  0.220
  21     2_f_w( (                         |                 *      ), 0.240,  0.240,  0.240,  0.240,  0.240
  22     3_sav( (                         |                     *  ), 0.280,  0.280,  0.280,  0.280,  0.280
  23     5_f_w( (                         |                       *), 0.300,  0.300,  0.300,  0.300,  0.300

GermanCredit-SPD-

   1     1_C_a( (*                        |                        ), 0.000,  0.000,  0.000,  0.000,  0.000
   1     2_C_a( (*                        |                        ), 0.000,  0.000,  0.000,  0.000,  0.000
   1     3_C_a( (*                        |                        ), 0.000,  0.000,  0.000,  0.000,  0.000
   2     5_C_a( (*                        |                        ), 0.000,  0.000,  0.000,  0.000,  0.000
   3    28_C_a( (*                        |                        ), 0.000,  0.000,  0.000,  0.000,  0.000
   4     1_sav( (  *                      |                        ), 0.010,  0.010,  0.010,  0.010,  0.010
   5     1_sex( (  *                      |                        ), 0.010,  0.010,  0.010,  0.010,  0.010
   6     1_f_w( (  *                      |                        ), 0.010,  0.010,  0.010,  0.010,  0.010
   7     1_Age( (           *             |                        ), 0.040,  0.040,  0.040,  0.040,  0.040
   8     2_sex( (              *          |                        ), 0.050,  0.050,  0.050,  0.050,  0.050
   9     3_sex( (              *          |                        ), 0.050,  0.050,  0.050,  0.050,  0.050
  10     5_sex( (              *          |                        ), 0.050,  0.050,  0.050,  0.050,  0.050
  11    28_sex( (                       * |                        ), 0.080,  0.080,  0.080,  0.080,  0.080
  12     2_Age( (                         |*                       ), 0.090,  0.090,  0.090,  0.090,  0.090
  13     3_f_w( (                         |   *                    ), 0.100,  0.100,  0.100,  0.100,  0.100
  14     2_f_w( (                         |      *                 ), 0.110,  0.110,  0.110,  0.110,  0.110
  15     3_Age( (                         |      *                 ), 0.110,  0.110,  0.110,  0.110,  0.110
  16     2_sav( (                         |         *              ), 0.120,  0.120,  0.120,  0.120,  0.120
  17     5_sav( (                         |               *        ), 0.140,  0.140,  0.140,  0.140,  0.140
  18    28_Age( (                         |               *        ), 0.140,  0.140,  0.140,  0.140,  0.140
  19     3_sav( (                         |                  *     ), 0.150,  0.150,  0.150,  0.150,  0.150
  20     5_Age( (                         |                  *     ), 0.150,  0.150,  0.150,  0.150,  0.150
  21     5_f_w( (                         |                  *     ), 0.150,  0.150,  0.150,  0.150,  0.150
  22    28_sav( (                         |                       *), 0.170,  0.170,  0.170,  0.170,  0.170
  23    28_f_w( (                         |                       *), 0.170,  0.170,  0.170,  0.170,  0.170

GermanCredit-FA0-

   1     1_C_a( (*                        |                        ), 0.000,  0.000,  0.000,  0.000,  0.000
   2     2_C_a( (*                        |                        ), 0.000,  0.000,  0.000,  0.000,  0.000
   3     3_C_a( (*                        |                        ), 0.000,  0.000,  0.000,  0.000,  0.000
   4     5_C_a( (*                        |                        ), 0.000,  0.000,  0.000,  0.000,  0.000
   5    28_C_a( (*                        |                        ), 0.000,  0.000,  0.000,  0.000,  0.000
   6    28_sex( (    *                    |                        ), 0.080,  0.080,  0.080,  0.080,  0.080
   7    28_sav( (    *                    |                        ), 0.090,  0.090,  0.090,  0.090,  0.090
   8    28_Age( (     *                   |                        ), 0.100,  0.100,  0.100,  0.100,  0.100
   9    28_f_w( (     *                   |                        ), 0.100,  0.100,  0.100,  0.100,  0.100
  10     5_sex( (                      *  |                        ), 0.450,  0.450,  0.450,  0.450,  0.450
  11     3_sex( (                       * |                        ), 0.460,  0.460,  0.460,  0.460,  0.460
  12     5_sav( (                       * |                        ), 0.470,  0.470,  0.470,  0.470,  0.470
  13     5_f_w( (                        *|                        ), 0.480,  0.480,  0.480,  0.480,  0.480
  14     3_sav( (                        *|                        ), 0.490,  0.490,  0.490,  0.490,  0.490
  15     3_f_w( (                         *                        ), 0.500,  0.500,  0.500,  0.500,  0.500
  16     3_Age( (                         |*                       ), 0.520,  0.520,  0.520,  0.520,  0.520
  17     5_Age( (                         |*                       ), 0.520,  0.520,  0.520,  0.520,  0.520
  18     2_sex( (                         |   *                    ), 0.570,  0.570,  0.570,  0.570,  0.570
  19     2_sav( (                         |    *                   ), 0.590,  0.590,  0.590,  0.590,  0.590
  20     2_f_w( (                         |    *                   ), 0.600,  0.600,  0.600,  0.600,  0.600
  21     2_Age( (                         |     *                  ), 0.610,  0.610,  0.610,  0.610,  0.610
  22     1_sex( (                         |                      * ), 0.950,  0.950,  0.950,  0.950,  0.950
  23     1_sav( (                         |                      * ), 0.960,  0.960,  0.960,  0.960,  0.960
  24     1_f_w( (                         |                      * ), 0.960,  0.960,  0.960,  0.960,  0.960
  25     1_Age( (                         |                       *), 0.980,  0.980,  0.980,  0.980,  0.980

GermanCredit-FA1-

   1     1_C_a( (*                        |                        ), 0.000,  0.000,  0.000,  0.000,  0.000
   1     2_C_a( (*                        |                        ), 0.000,  0.000,  0.000,  0.000,  0.000
   1     3_C_a( (*                        |                        ), 0.000,  0.000,  0.000,  0.000,  0.000
   1     5_C_a( (*                        |                        ), 0.000,  0.000,  0.000,  0.000,  0.000
   1    28_C_a( (*                        |                        ), 0.000,  0.000,  0.000,  0.000,  0.000
   2    28_f_w( ( *                       |                        ), 0.030,  0.030,  0.030,  0.030,  0.030
   3    28_Age( (   *                     |                        ), 0.080,  0.080,  0.080,  0.080,  0.080
   4    28_sex( (     *                   |                        ), 0.110,  0.110,  0.110,  0.110,  0.110
   5    28_sav( (         *               |                        ), 0.200,  0.200,  0.200,  0.200,  0.200
   6     5_Age( (                  *      |                        ), 0.380,  0.380,  0.380,  0.380,  0.380
   7     3_Age( (                      *  |                        ), 0.460,  0.460,  0.460,  0.460,  0.460
   8     3_f_w( (                       * |                        ), 0.480,  0.480,  0.480,  0.480,  0.480
   9     5_sex( (                        *|                        ), 0.500,  0.500,  0.500,  0.500,  0.500
  10     3_sex( (                         |*                       ), 0.530,  0.530,  0.530,  0.530,  0.530
  11     2_Age( (                         | *                      ), 0.560,  0.560,  0.560,  0.560,  0.560
  12     2_sex( (                         |    *                   ), 0.620,  0.620,  0.620,  0.620,  0.620
  13     5_sav( (                         |        *               ), 0.690,  0.690,  0.690,  0.690,  0.690
  14     2_sav( (                         |          *             ), 0.740,  0.740,  0.740,  0.740,  0.740
  15     3_sav( (                         |            *           ), 0.770,  0.770,  0.770,  0.770,  0.770
  16     5_f_w( (                         |            *           ), 0.780,  0.780,  0.780,  0.780,  0.780
  17     2_f_w( (                         |               *        ), 0.840,  0.840,  0.840,  0.840,  0.840
  18     1_Age( (                         |                    *   ), 0.930,  0.930,  0.930,  0.930,  0.930
  19     1_sav( (                         |                      * ), 0.970,  0.970,  0.970,  0.970,  0.970
  20     1_sex( (                         |                      * ), 0.970,  0.970,  0.970,  0.970,  0.970
  21     1_f_w( (                         |                       *), 1.000,  1.000,  1.000,  1.000,  1.000
Processing diabetes.csv:  50%|█████████████████████████████████████                                     | 1/2 [00:00<00:00,  1.62it/s]
diabetes-recall+

   1     1_Age( (*                        |                        ), 0.660,  0.660,  0.660,  0.660,  0.660
   2     2_Age( (         *               |                        ), 0.720,  0.720,  0.720,  0.720,  0.720
   3     3_Age( (              *          |                        ), 0.750,  0.750,  0.750,  0.750,  0.750
   4     5_Age( (                     *   |                        ), 0.790,  0.790,  0.790,  0.790,  0.790
   5    24_Age( (                         |                       *), 0.960,  0.960,  0.960,  0.960,  0.960

diabetes-prec+

   1     1_Age( (*                        |                        ), 0.420,  0.420,  0.420,  0.420,  0.420
   2     2_Age( (                   *     |                        ), 0.620,  0.620,  0.620,  0.620,  0.620
   3     3_Age( (                     *   |                        ), 0.640,  0.640,  0.640,  0.640,  0.640
   4     5_Age( (                         | *                      ), 0.710,  0.710,  0.710,  0.710,  0.710
   5    24_Age( (                         |                       *), 0.940,  0.940,  0.940,  0.940,  0.940

diabetes-acc+

   1     1_Age( (*                        |                        ), 0.720,  0.720,  0.720,  0.720,  0.720
   2     2_Age( (              *          |                        ), 0.790,  0.790,  0.790,  0.790,  0.790
   3     3_Age( (                *        |                        ), 0.800,  0.800,  0.800,  0.800,  0.800
   4     5_Age( (                      *  |                        ), 0.830,  0.830,  0.830,  0.830,  0.830
   5    24_Age( (                         |                       *), 0.960,  0.960,  0.960,  0.960,  0.960

diabetes-F1+

   1     1_Age( (*                        |                        ), 0.510,  0.510,  0.510,  0.510,  0.510
   2     2_Age( (                  *      |                        ), 0.670,  0.670,  0.670,  0.670,  0.670
   3     3_Age( (                    *    |                        ), 0.690,  0.690,  0.690,  0.690,  0.690
   4     5_Age( (                         | *                      ), 0.750,  0.750,  0.750,  0.750,  0.750
   5    24_Age( (                         |                       *), 0.950,  0.950,  0.950,  0.950,  0.950

diabetes-AOD-

   1    24_Age( (*                        |                        ), 0.060,  0.060,  0.060,  0.060,  0.060
   2     1_Age( (             *           |                        ), 0.100,  0.100,  0.100,  0.100,  0.100
   3     5_Age( (                       * |                        ), 0.130,  0.130,  0.130,  0.130,  0.130
   4     2_Age( (                         |             *          ), 0.180,  0.180,  0.180,  0.180,  0.180
   5     3_Age( (                         |                       *), 0.210,  0.210,  0.210,  0.210,  0.210

diabetes-EOD-

   1     1_Age( (*                        |                        ), 0.070,  0.070,  0.070,  0.070,  0.070
   2    24_Age( (     *                   |                        ), 0.090,  0.090,  0.090,  0.090,  0.090
   3     5_Age( (             *           |                        ), 0.120,  0.120,  0.120,  0.120,  0.120
   4     2_Age( (                         |          *             ), 0.200,  0.200,  0.200,  0.200,  0.200
   5     3_Age( (                         |                       *), 0.250,  0.250,  0.250,  0.250,  0.250

diabetes-SPD-

   1     1_Age( (*                        |                        ), 0.180,  0.180,  0.180,  0.180,  0.180
   2     2_Age( (                         |                *       ), 0.300,  0.300,  0.300,  0.300,  0.300
   2     5_Age( (                         |                *       ), 0.300,  0.300,  0.300,  0.300,  0.300
   3    24_Age( (                         |                *       ), 0.300,  0.300,  0.300,  0.300,  0.300
   4     3_Age( (                         |                       *), 0.320,  0.320,  0.320,  0.320,  0.320

diabetes-FA0-

   1    24_Age( (*                        |                        ), 0.050,  0.050,  0.050,  0.050,  0.050
   2     5_Age( (                     *   |                        ), 0.270,  0.270,  0.270,  0.270,  0.270
   3     3_Age( (                         *                        ), 0.310,  0.310,  0.310,  0.310,  0.310
   4     2_Age( (                         |  *                     ), 0.340,  0.340,  0.340,  0.340,  0.340
   5     1_Age( (                         |                       *), 0.560,  0.560,  0.560,  0.560,  0.560

diabetes-FA1-

   1    24_Age( (*                        |                        ), 0.140,  0.140,  0.140,  0.140,  0.140
   2     5_Age( (                        *|                        ), 0.390,  0.390,  0.390,  0.390,  0.390
   3     2_Age( (                         |             *          ), 0.540,  0.540,  0.540,  0.540,  0.540
   4     3_Age( (                         |                *       ), 0.570,  0.570,  0.570,  0.570,  0.570
   5     1_Age( (                         |                       *), 0.640,  0.640,  0.640,  0.640,  0.640
Processing diabetes.csv: 100%|██████████████████████████████████████████████████████████████████████████| 2/2 [00:00<00:00,  3.01it/s]
(base) laurenalvarez@Laurens-MacBook-Air sublime % 
