laurenalvarez@Laurens-MacBook-Pro sublime % python3 sk.py
Processing adultscensusincome.csv:   0%|                                                                                                        | 0/6 [00:00<?, ?it/s]
adultscensusincome-recall+

   1     1_sex( (                         |     -------*-------    ), 0.570,  0.640,  0.780,  0.860,  0.930
   1    1_race( (                         |     -------*-------    ), 0.570,  0.640,  0.780,  0.860,  0.930
   2     7_sex( (                         |          ---*-----     ), 0.690,  0.740,  0.790,  0.870,  0.910
   2    7_race( (                         |          ---*-----     ), 0.690,  0.740,  0.790,  0.870,  0.910
   3    10_sex( (                         |               -*---    ), 0.780,  0.830,  0.860,  0.900,  0.940
   4   10_race( (                         |               -*---    ), 0.780,  0.830,  0.860,  0.900,  0.940
   5    17_sex( (                         |                 --*-   ), 0.850,  0.880,  0.910,  0.930,  0.960
   5   17_race( (                         |                 --*-   ), 0.850,  0.880,  0.910,  0.930,  0.960
   6    20_sex( (                         |                   *--  ), 0.880,  0.910,  0.920,  0.940,  0.970
   6   20_race( (                         |                   *--  ), 0.880,  0.910,  0.920,  0.940,  0.970
   7    27_sex( (                         |                     -* ), 0.930,  0.950,  0.970,  0.980,  1.000
   7   27_race( (                         |                     -* ), 0.930,  0.950,  0.970,  0.980,  1.000

adultscensusincome-prec+

   1     1_sex( (        ---*-------      |                        ), 0.020,  0.160,  0.220,  0.290,  0.390
   1    1_race( (        ---*-------      |                        ), 0.020,  0.160,  0.220,  0.290,  0.390
   2     7_sex( (                         |      --*---            ), 0.570,  0.630,  0.670,  0.700,  0.760
   3    7_race( (                         |      --*---            ), 0.570,  0.630,  0.670,  0.700,  0.760
   4    10_sex( (                         |       ---*-------      ), 0.610,  0.660,  0.710,  0.800,  0.870
   4   10_race( (                         |       ---*-------      ), 0.610,  0.660,  0.710,  0.800,  0.870
   5    17_sex( (                         |              -*----    ), 0.740,  0.790,  0.820,  0.850,  0.910
   5   17_race( (                         |              -*----    ), 0.740,  0.790,  0.820,  0.850,  0.910
   6    20_sex( (                         |                *---    ), 0.780,  0.830,  0.840,  0.870,  0.910
   6   20_race( (                         |                *---    ), 0.780,  0.830,  0.840,  0.870,  0.910
   7    27_sex( (                         |                 --*--  ), 0.820,  0.850,  0.890,  0.910,  0.950
   7   27_race( (                         |                 --*--  ), 0.820,  0.850,  0.890,  0.910,  0.950

adultscensusincome-acc+

   1     1_sex( (     ----*---------      |                        ), 0.750,  0.770,  0.790,  0.810,  0.840
   1    1_race( (     ----*---------      |                        ), 0.750,  0.770,  0.790,  0.810,  0.840
   2     7_sex( (                       --|-*-------               ), 0.840,  0.860,  0.880,  0.900,  0.920
   2    7_race( (                       --|-*-------               ), 0.840,  0.860,  0.880,  0.900,  0.920
   3    10_sex( (                         |   ----*-----           ), 0.880,  0.890,  0.910,  0.920,  0.940
   3   10_race( (                         |   ----*-----           ), 0.880,  0.890,  0.910,  0.920,  0.940
   4    17_sex( (                         |           --*---       ), 0.920,  0.930,  0.940,  0.950,  0.960
   5   17_race( (                         |           --*---       ), 0.920,  0.930,  0.940,  0.950,  0.960
   6    20_sex( (                         |             --*-       ), 0.930,  0.940,  0.950,  0.950,  0.960
   7   20_race( (                         |             --*-       ), 0.930,  0.940,  0.950,  0.950,  0.960
   8    27_sex( (                         |                 *---   ), 0.950,  0.960,  0.960,  0.980,  0.980
   8   27_race( (                         |                 *---   ), 0.950,  0.960,  0.960,  0.980,  0.980

adultscensusincome-F1+

   1     1_sex( (             ----*-------|                        ), 0.040,  0.270,  0.340,  0.420,  0.490
   1    1_race( (             ----*-------|                        ), 0.040,  0.270,  0.340,  0.420,  0.490
   2     7_sex( (                         |         --*--          ), 0.650,  0.690,  0.730,  0.760,  0.790
   2    7_race( (                         |         --*--          ), 0.650,  0.690,  0.730,  0.760,  0.790
   3    10_sex( (                         |             -*---      ), 0.710,  0.760,  0.790,  0.840,  0.860
   3   10_race( (                         |             -*---      ), 0.710,  0.760,  0.790,  0.840,  0.860
   4    17_sex( (                         |                 -*-    ), 0.820,  0.840,  0.870,  0.890,  0.910
   4   17_race( (                         |                 -*-    ), 0.820,  0.840,  0.870,  0.890,  0.910
   5    20_sex( (                         |                  -*-   ), 0.860,  0.860,  0.890,  0.900,  0.920
   5   20_race( (                         |                  -*-   ), 0.860,  0.860,  0.890,  0.900,  0.920
   6    27_sex( (                         |                    -*- ), 0.870,  0.910,  0.930,  0.950,  0.960
   6   27_race( (                         |                    -*- ), 0.870,  0.910,  0.930,  0.950,  0.960

adultscensusincome-AOD-

   1    20_sex( (            --*------    |                        ), -0.060,  -0.020,  0.000,  0.080,  0.100
   1    27_sex( (            --*----      |                        ), -0.060,  -0.030,  0.000,  0.020,  0.080
   2    10_sex( (              -*---------|-                       ), -0.080,  0.000,  0.020,  0.080,  0.180
   2     7_sex( (              ----*------|------                  ), -0.130,  0.000,  0.060,  0.140,  0.260
   2    17_sex( (              -----*--   |                        ), -0.020,  0.010,  0.080,  0.090,  0.120
   3    1_race( (                   ---*--|---                     ), 0.010,  0.080,  0.120,  0.160,  0.220
   4     1_sex( (                     ----*----                    ), 0.020,  0.100,  0.160,  0.180,  0.230
   5    7_race( (                         |            -*----      ), 0.300,  0.340,  0.360,  0.380,  0.420
   6   10_race( (                         |            --*------   ), 0.320,  0.340,  0.370,  0.430,  0.460
   7   17_race( (                         |                 -*---  ), 0.380,  0.410,  0.430,  0.440,  0.480
   8   20_race( (                         |                  -*-   ), 0.400,  0.420,  0.440,  0.440,  0.460
   9   27_race( (                         |                  --*-  ), 0.420,  0.430,  0.450,  0.460,  0.480

adultscensusincome-EOD-

   1    20_sex( (             --*------   |                        ), -0.150,  -0.070,  -0.020,  0.100,  0.190
   1    10_sex( (            ---*---------|-                       ), -0.200,  -0.100,  0.000,  0.160,  0.330
   1    27_sex( (             --*-----    |                        ), -0.140,  -0.070,  0.000,  0.030,  0.170
   2     7_sex( (             ---*--------|----                    ), -0.300,  -0.070,  0.030,  0.200,  0.420
   2    17_sex( (               ----*---  |                        ), -0.110,  0.000,  0.120,  0.150,  0.220
   3    1_race( (                     --*-|---                     ), 0.020,  0.160,  0.220,  0.290,  0.390
   4     1_sex( (                      --*|----                    ), 0.030,  0.190,  0.260,  0.300,  0.410
   5    7_race( (                         |           --*--        ), 0.570,  0.630,  0.670,  0.700,  0.760
   6   10_race( (                         |            --*-----    ), 0.610,  0.660,  0.710,  0.800,  0.870
   7   17_race( (                         |                 -*--   ), 0.740,  0.790,  0.820,  0.850,  0.910
   8   20_race( (                         |                  -*-   ), 0.780,  0.830,  0.840,  0.870,  0.910
   9   27_race( (                         |                   -*-  ), 0.820,  0.850,  0.890,  0.910,  0.950

adultscensusincome-SPD-

   1     1_sex( (           -------*------|-----                   ), 0.060,  0.070,  0.110,  0.140,  0.180
   2    10_sex( (                         |-----*-----             ), 0.100,  0.150,  0.180,  0.200,  0.210
   2    20_sex( (                        -|-----*----------        ), 0.100,  0.140,  0.180,  0.200,  0.240
   2    27_sex( (                         |-----*------            ), 0.120,  0.150,  0.180,  0.200,  0.220
   2     7_sex( (                         |-------*--------        ), 0.090,  0.150,  0.190,  0.210,  0.240
   3    17_sex( (                         |   ----*----------      ), 0.140,  0.170,  0.190,  0.210,  0.250

adultscensusincome-FA0-

   1    27_sex( (   --*--                 |                        ), 0.030,  0.070,  0.100,  0.150,  0.170
   1   27_race( (   --*--                 |                        ), 0.030,  0.070,  0.110,  0.150,  0.170
   2    20_sex( (      -*---              |                        ), 0.070,  0.120,  0.150,  0.160,  0.230
   2    17_sex( (     ---*--              |                        ), 0.060,  0.110,  0.160,  0.190,  0.230
   2   20_race( (      --*-               |                        ), 0.080,  0.130,  0.160,  0.160,  0.200
   3   17_race( (      ---*--             |                        ), 0.060,  0.120,  0.180,  0.200,  0.240
   4    10_sex( (         -----*----      |                        ), 0.100,  0.180,  0.280,  0.310,  0.380
   4   10_race( (         -----*----      |                        ), 0.110,  0.180,  0.290,  0.340,  0.380
   5     7_sex( (             --*------   |                        ), 0.170,  0.260,  0.310,  0.360,  0.440
   6    7_race( (              --*----    |                        ), 0.230,  0.290,  0.330,  0.360,  0.420
   7     1_sex( (                         |      ----*--------     ), 0.480,  0.630,  0.710,  0.810,  0.900
   8    1_race( (                         |         ----*------    ), 0.590,  0.700,  0.780,  0.820,  0.920

adultscensusincome-FA1-

   1    1_race( (*                        |                        ), 0.000,  0.000,  0.000,  0.000,  0.000
   1    7_race( (*                        |                        ), 0.000,  0.000,  0.000,  0.000,  0.000
   1   10_race( (*                        |                        ), 0.000,  0.000,  0.000,  0.000,  0.000
   1   17_race( (*                        |                        ), 0.000,  0.000,  0.000,  0.000,  0.000
   1   20_race( (*                        |                        ), 0.000,  0.000,  0.000,  0.000,  0.000
   1   27_race( (*                        |                        ), 0.000,  0.000,  0.000,  0.000,  0.000
   2    27_sex( (-----*------             |                        ), 0.000,  0.000,  0.120,  0.170,  0.250
   3    20_sex( (------*---------         |                        ), 0.000,  0.000,  0.140,  0.250,  0.330
   4    10_sex( (      --*----------------|----                    ), 0.100,  0.140,  0.180,  0.500,  0.620
   5    17_sex( (      -------*--         |                        ), 0.000,  0.140,  0.270,  0.330,  0.330
   6     7_sex( (            ----*--------|---                     ), 0.000,  0.250,  0.330,  0.500,  0.600
   7     1_sex( (                         |                       *), 0.820,  1.000,  1.000,  1.000,  1.000
Processing bankmarketing.csv:  17%|████████████████▊                                                                                    | 1/6 [00:00<00:02,  2.11it/s]
bankmarketing-recall+

   1     1_Age( (                         |         --*-           ), 0.680,  0.710,  0.760,  0.780,  0.800
   2     7_Age( (                         |                 -*     ), 0.840,  0.870,  0.900,  0.910,  0.920
   3    10_Age( (                         |                   *-   ), 0.870,  0.910,  0.920,  0.930,  0.950
   4    17_Age( (                         |                     *  ), 0.930,  0.950,  0.960,  0.970,  0.980
   4    20_Age( (                         |                     -* ), 0.900,  0.950,  0.970,  0.970,  0.990
   5    28_Age( (                         |                      * ), 0.950,  0.970,  0.980,  0.990,  0.990

bankmarketing-prec+

   1     1_Age( (                         |      --*----           ), 0.540,  0.650,  0.690,  0.750,  0.790
   2     7_Age( (                         |                 -*--   ), 0.830,  0.870,  0.900,  0.920,  0.960
   2    10_Age( (                         |                  -*-   ), 0.860,  0.890,  0.910,  0.920,  0.950
   3    17_Age( (                         |                    -*  ), 0.930,  0.940,  0.950,  0.960,  0.980
   3    20_Age( (                         |                     *- ), 0.920,  0.950,  0.950,  0.970,  0.990
   4    28_Age( (                         |                      * ), 0.950,  0.970,  0.980,  0.990,  1.000

bankmarketing-acc+

   1     1_Age( (    ---------*--         |                        ), 0.680,  0.700,  0.760,  0.760,  0.780
   2     7_Age( (                         |     ---*--             ), 0.860,  0.880,  0.900,  0.900,  0.920
   3    10_Age( (                         |        ---*--          ), 0.880,  0.900,  0.920,  0.930,  0.940
   4    17_Age( (                         |                -*--    ), 0.940,  0.950,  0.960,  0.960,  0.980
   4    20_Age( (                         |                -*--    ), 0.940,  0.950,  0.960,  0.960,  0.980
   5    28_Age( (                         |                   -*-- ), 0.960,  0.970,  0.980,  0.980,  1.000

bankmarketing-F1+

   1     1_Age( (                         |        --*-            ), 0.630,  0.680,  0.720,  0.740,  0.770
   2     7_Age( (                         |                  *-    ), 0.840,  0.880,  0.890,  0.900,  0.920
   3    10_Age( (                         |                   *-   ), 0.870,  0.900,  0.910,  0.920,  0.940
   4    17_Age( (                         |                     *  ), 0.930,  0.950,  0.950,  0.960,  0.970
   4    20_Age( (                         |                     -* ), 0.930,  0.950,  0.960,  0.960,  0.970
   5    28_Age( (                         |                      -*), 0.950,  0.970,  0.980,  0.980,  0.990

bankmarketing-AOD-

   1     1_Age( (                -----*---|---------------         ), -0.340,  -0.230,  -0.120,  0.120,  0.290
   1    10_Age( (                   ------|*------                 ), -0.290,  -0.160,  -0.020,  0.000,  0.120
   1    17_Age( (                      ---|*                       ), -0.260,  -0.100,  -0.020,  -0.000,  0.010
   2    20_Age( (                         |*-----                  ), -0.240,  -0.020,  -0.010,  0.000,  0.100
   2     7_Age( (                     ----|-*-----                 ), -0.220,  -0.130,  0.000,  0.040,  0.120
   2    28_Age( (                         |-*                      ), -0.180,  -0.020,  0.000,  0.000,  0.020

bankmarketing-EOD-

   1    10_Age( (             -*-------   |                        ), -0.130,  -0.100,  -0.070,  0.000,  0.150
   2    17_Age( (              -*         |                        ), -0.070,  -0.060,  -0.050,  -0.030,  -0.010
   3     7_Age( (             --*---------|-                       ), -0.140,  -0.090,  -0.040,  0.100,  0.290
   3    20_Age( (               *-------  |                        ), -0.070,  -0.050,  -0.040,  -0.020,  0.170
   4    28_Age( (               -*        |                        ), -0.040,  -0.030,  -0.020,  -0.010,  0.000
   4     1_Age( (        ---------*-------|---------               ), -0.300,  -0.220,  0.020,  0.180,  0.490

bankmarketing-SPD-

   1    20_Age( (        ----*------------|--------                ), 0.040,  0.100,  0.150,  0.260,  0.420
   1    28_Age( (      ------*------------|---------------         ), 0.010,  0.080,  0.150,  0.240,  0.500
   1    10_Age( (       -------*----------|------------------      ), 0.030,  0.090,  0.170,  0.330,  0.530
   1     7_Age( (    ----------*----------|----                    ), 0.010,  0.060,  0.180,  0.230,  0.370
   1    17_Age( (         -------*--------|---------------         ), 0.060,  0.120,  0.200,  0.260,  0.500
   2     1_Age( (                ---*-----|                        ), 0.110,  0.200,  0.240,  0.290,  0.310

bankmarketing-FA0-

   1    28_Age( (-*-                      |                        ), 0.000,  0.010,  0.020,  0.030,  0.040
   2    17_Age( (  --*-                   |                        ), 0.020,  0.030,  0.050,  0.060,  0.070
   2    20_Age( (  --*-                   |                        ), 0.010,  0.030,  0.050,  0.050,  0.070
   3    10_Age( (      --*---             |                        ), 0.030,  0.070,  0.090,  0.110,  0.130
   3     7_Age( (       --*-----          |                        ), 0.040,  0.080,  0.100,  0.110,  0.160
   4     1_Age( (                       --|---*--------------      ), 0.200,  0.240,  0.300,  0.330,  0.450

bankmarketing-FA1-

   1     7_Age( (*------------------      |                        ), 0.000,  0.000,  0.000,  0.170,  0.400
   1    10_Age( (*-----------             |                        ), 0.000,  0.000,  0.000,  0.000,  0.250
   1    17_Age( (*                        |                        ), 0.000,  0.000,  0.000,  0.000,  0.000
   1    20_Age( (*-------                 |                        ), 0.000,  0.000,  0.000,  0.000,  0.170
   1    28_Age( (*                        |                        ), 0.000,  0.000,  0.000,  0.000,  0.000
   2     1_Age( (----------------*--------|-------------           ), 0.000,  0.000,  0.330,  0.500,  0.800
Processing defaultcredit.csv:  33%|█████████████████████████████████▋                                                                   | 2/6 [00:01<00:02,  1.64it/s]
defaultcredit-recall+

   1     1_SEX( (                         |     ----*---           ), 0.500,  0.640,  0.710,  0.730,  0.790
   2     7_SEX( (                         |             --*---     ), 0.740,  0.790,  0.830,  0.890,  0.920
   3    10_SEX( (                         |               --*---   ), 0.760,  0.830,  0.870,  0.890,  0.960
   4    17_SEX( (                         |                 --*-   ), 0.810,  0.870,  0.920,  0.940,  0.960
   5    20_SEX( (                         |                    -*  ), 0.880,  0.930,  0.950,  0.970,  0.980
   6    28_SEX( (                         |                     -* ), 0.940,  0.950,  0.970,  0.980,  1.000

defaultcredit-prec+

   1     1_SEX( (            ----*-----   |                        ), 0.200,  0.250,  0.330,  0.340,  0.440
   2     7_SEX( (                         |--*----                 ), 0.480,  0.520,  0.550,  0.590,  0.660
   3    10_SEX( (                         |    --*----             ), 0.530,  0.590,  0.640,  0.670,  0.730
   4    17_SEX( (                         |           --*----      ), 0.720,  0.740,  0.780,  0.810,  0.870
   5    20_SEX( (                         |              -*---     ), 0.720,  0.800,  0.820,  0.870,  0.890
   6    28_SEX( (                         |                  -*-   ), 0.840,  0.870,  0.890,  0.910,  0.940

defaultcredit-acc+

   1     1_SEX( (         ------*-        |                        ), 0.770,  0.780,  0.810,  0.820,  0.820
   2     7_SEX( (                        -|*-----                  ), 0.850,  0.860,  0.870,  0.880,  0.900
   3    10_SEX( (                         |  --*---                ), 0.870,  0.880,  0.890,  0.900,  0.910
   4    17_SEX( (                         |          *---          ), 0.920,  0.920,  0.920,  0.940,  0.940
   5    20_SEX( (                         |              *-----    ), 0.920,  0.940,  0.940,  0.950,  0.970
   6    28_SEX( (                         |                  *---  ), 0.950,  0.960,  0.960,  0.970,  0.980

defaultcredit-F1+

   1     1_SEX( (                 ----*---|                        ), 0.290,  0.350,  0.430,  0.470,  0.520
   2     7_SEX( (                         |      --*--             ), 0.600,  0.640,  0.670,  0.690,  0.730
   3    10_SEX( (                         |          -*-           ), 0.660,  0.720,  0.740,  0.750,  0.770
   4    17_SEX( (                         |                *-      ), 0.800,  0.830,  0.840,  0.860,  0.870
   5    20_SEX( (                         |                 -*--   ), 0.820,  0.850,  0.880,  0.910,  0.930
   6    28_SEX( (                         |                    -*  ), 0.890,  0.910,  0.930,  0.940,  0.960

defaultcredit-AOD-

   1     1_SEX( (                   ------|*----------------       ), -0.160,  -0.070,  -0.020,  0.010,  0.110
   1     7_SEX( (                  -------|*-----------            ), -0.120,  -0.080,  -0.020,  0.010,  0.070
   2    20_SEX( (                         |-*----------            ), -0.080,  -0.020,  -0.010,  0.030,  0.070
   2    28_SEX( (                         |-*---                   ), -0.050,  -0.020,  -0.010,  0.000,  0.020
   2    17_SEX( (                        -|--*----------           ), -0.080,  -0.030,  0.000,  0.030,  0.080
   2    10_SEX( (                       --|----*---------          ), -0.120,  -0.040,  0.010,  0.040,  0.090

defaultcredit-EOD-

   1     7_SEX( (                     ----*------------            ), -0.240,  -0.130,  -0.060,  0.030,  0.140
   2     1_SEX( (                     ----|-*--------------        ), -0.270,  -0.120,  -0.030,  0.010,  0.200
   3    20_SEX( (                         |--*--------             ), -0.140,  -0.050,  -0.020,  0.050,  0.120
   3    28_SEX( (                         |--*----                 ), -0.100,  -0.040,  -0.020,  0.000,  0.060
   3    17_SEX( (                       --|---*----------          ), -0.150,  -0.090,  0.000,  0.070,  0.170
   3    10_SEX( (                        -|----*----------         ), -0.220,  -0.070,  0.010,  0.090,  0.190

defaultcredit-SPD-

   1     1_SEX( (        *----------------|------                  ), 0.010,  0.030,  0.030,  0.050,  0.110
   2     7_SEX( (        ------*----------|---                     ), 0.010,  0.030,  0.050,  0.090,  0.100
   2    10_SEX( (        ------*----------|------                  ), 0.010,  0.030,  0.050,  0.080,  0.110
   3    17_SEX( (        ---------*-------|---------------------   ), 0.020,  0.030,  0.060,  0.080,  0.160
   3    20_SEX( (              ---*-------|------------            ), 0.030,  0.050,  0.060,  0.090,  0.130
   4    28_SEX( (                 ------*-|------------            ), 0.030,  0.060,  0.080,  0.100,  0.130

defaultcredit-FA0-

   1    28_SEX( (    --*-----             |                        ), 0.040,  0.080,  0.110,  0.160,  0.220
   2    20_SEX( (       ---*---           |                        ), 0.080,  0.140,  0.180,  0.220,  0.250
   3    17_SEX( (        --*-----         |                        ), 0.140,  0.160,  0.190,  0.250,  0.290
   4    10_SEX( (                -----*---|---                     ), 0.140,  0.290,  0.380,  0.400,  0.520
   5     7_SEX( (                        -*------                  ), 0.320,  0.430,  0.450,  0.500,  0.570
   6     1_SEX( (                         |           -----*----   ), 0.500,  0.670,  0.750,  0.780,  0.840

defaultcredit-FA1-

   1    28_SEX( (   --*--                 |                        ), 0.050,  0.070,  0.100,  0.120,  0.160
   2    20_SEX( (      ---*--------       |                        ), 0.040,  0.110,  0.170,  0.210,  0.330
   3    17_SEX( (       ----*------       |                        ), 0.080,  0.130,  0.210,  0.250,  0.330
   4    10_SEX( (                 ----*-- |                        ), 0.250,  0.320,  0.380,  0.400,  0.440
   5     7_SEX( (                  ------*|--                      ), 0.210,  0.340,  0.450,  0.480,  0.520
   6     1_SEX( (                         |   ----------*----      ), 0.450,  0.540,  0.710,  0.730,  0.800
Processing diabetes.csv:  50%|█████████████████████████████████████████████████████                                                     | 3/6 [00:01<00:01,  1.71it/s]
diabetes-recall+

   1     1_Age( (                         |    --*----             ), 0.590,  0.610,  0.660,  0.710,  0.760
   2     7_Age( (                         |              -*--      ), 0.700,  0.820,  0.840,  0.870,  0.900
   3    10_Age( (                         |                -*--    ), 0.790,  0.850,  0.870,  0.910,  0.930
   4    17_Age( (                         |                   -*-  ), 0.870,  0.920,  0.930,  0.960,  0.980
   5    20_Age( (                         |                    -*  ), 0.890,  0.930,  0.950,  0.980,  0.980
   6    24_Age( (                         |                     *- ), 0.920,  0.950,  0.960,  0.980,  1.000

diabetes-prec+

   1     1_Age( (                  ---*---|---                     ), 0.280,  0.370,  0.430,  0.470,  0.600
   2     7_Age( (                         |        ---*---         ), 0.660,  0.690,  0.750,  0.790,  0.830
   3    10_Age( (                         |            ---*---     ), 0.700,  0.770,  0.840,  0.860,  0.910
   4    17_Age( (                         |                 --*    ), 0.850,  0.880,  0.910,  0.920,  0.930
   5    20_Age( (                         |                   -*-  ), 0.870,  0.920,  0.940,  0.950,  0.980
   5    24_Age( (                         |                    *-  ), 0.880,  0.930,  0.940,  0.960,  0.980

diabetes-acc+

   1     1_Age( (      -*-------          |                        ), 0.690,  0.710,  0.720,  0.740,  0.770
   2     7_Age( (                         |  -*-----               ), 0.830,  0.850,  0.860,  0.880,  0.900
   3    10_Age( (                         |      ---*----          ), 0.860,  0.880,  0.900,  0.920,  0.930
   4    17_Age( (                         |                -*-     ), 0.920,  0.940,  0.950,  0.950,  0.960
   5    20_Age( (                         |                 --*--  ), 0.940,  0.950,  0.960,  0.970,  0.980
   6    24_Age( (                         |                    *-  ), 0.950,  0.970,  0.970,  0.980,  0.980

diabetes-F1+

   1     1_Age( (                        -|*-----                  ), 0.380,  0.480,  0.530,  0.560,  0.640
   2     7_Age( (                         |           --*--        ), 0.730,  0.750,  0.790,  0.810,  0.850
   3    10_Age( (                         |               -*--     ), 0.790,  0.820,  0.840,  0.870,  0.910
   4    17_Age( (                         |                   -*   ), 0.870,  0.910,  0.920,  0.920,  0.940
   5    20_Age( (                         |                    -*  ), 0.900,  0.930,  0.940,  0.950,  0.960
   6    24_Age( (                         |                     *  ), 0.920,  0.950,  0.950,  0.970,  0.970

diabetes-AOD-

   1    24_Age( (               -*------  |                        ), -0.020,  0.010,  0.020,  0.070,  0.100
   1    17_Age( (             ----*-------|                        ), -0.050,  -0.010,  0.040,  0.060,  0.130
   1    20_Age( (              ---*------ |                        ), -0.020,  0.000,  0.040,  0.060,  0.110
   2    10_Age( (                -----*---|-----                   ), -0.020,  0.020,  0.080,  0.120,  0.190
   3     7_Age( (                   -----*|------                  ), -0.010,  0.060,  0.110,  0.150,  0.200
   4     1_Age( (                     ----*---------------         ), -0.060,  0.080,  0.130,  0.230,  0.300

diabetes-EOD-

   1    24_Age( (                       -*|-----                   ), -0.050,  -0.020,  0.010,  0.100,  0.160
   1    20_Age( (                      --*|----                    ), -0.070,  -0.040,  0.020,  0.080,  0.140
   1    17_Age( (                    -----*---------               ), -0.150,  -0.080,  0.030,  0.080,  0.230
   1    10_Age( (                    -----|-*---------             ), -0.170,  -0.070,  0.080,  0.170,  0.280
   2     7_Age( (                         |--*-------              ), -0.090,  0.030,  0.100,  0.190,  0.260
   2     1_Age( (                        -|-----*-------------     ), -0.250,  0.000,  0.160,  0.340,  0.450

diabetes-SPD-

   1     1_Age( (                -----*---|-------                 ), 0.120,  0.170,  0.220,  0.270,  0.330
   2     7_Age( (                         |--*---------            ), 0.210,  0.260,  0.280,  0.320,  0.370
   2    17_Age( (                        -|--*----------           ), 0.180,  0.250,  0.280,  0.320,  0.380
   2    10_Age( (                         |---*--------            ), 0.220,  0.260,  0.290,  0.330,  0.370
   2    24_Age( (                        -|---*------              ), 0.190,  0.250,  0.290,  0.320,  0.360
   2    20_Age( (                       --|----*--------           ), 0.180,  0.240,  0.300,  0.320,  0.380

diabetes-FA0-

   1    24_Age( ( -*-                     |                        ), 0.000,  0.020,  0.040,  0.060,  0.080
   2    20_Age( ( --*--                   |                        ), 0.020,  0.030,  0.060,  0.080,  0.110
   3    17_Age( (    -*--                 |                        ), 0.020,  0.080,  0.100,  0.110,  0.150
   4    10_Age( (      --*------          |                        ), 0.070,  0.120,  0.160,  0.200,  0.280
   5     7_Age( (         ---*-----       |                        ), 0.130,  0.180,  0.230,  0.270,  0.330
   6     1_Age( (                        -|---*-------             ), 0.330,  0.440,  0.530,  0.610,  0.680

diabetes-FA1-

   1    20_Age( (---*-----                |                        ), 0.000,  0.000,  0.080,  0.140,  0.200
   1    24_Age( (----*-------             |                        ), 0.000,  0.000,  0.090,  0.140,  0.250
   1    17_Age( (-----*--------           |                        ), 0.000,  0.000,  0.120,  0.180,  0.290
   2    10_Age( (     -----*---------     |                        ), 0.000,  0.120,  0.210,  0.310,  0.420
   3     7_Age( (           ------*------ |                        ), 0.140,  0.230,  0.360,  0.430,  0.500
   4     1_Age( (                         |  ------*----------     ), 0.290,  0.570,  0.690,  0.820,  0.910
Processing CleanCOMPAS53.csv:  67%|███████████████████████████████████████████████████████████████████▎                                 | 4/6 [00:02<00:01,  1.86it/s]
CleanCOMPAS53-recall+

   1     1_sex( (                         |                    -*  ), 0.910,  0.940,  0.950,  0.960,  0.980
   1    1_race( (                         |                    -*  ), 0.910,  0.940,  0.950,  0.960,  0.980
   2     7_sex( (                         |                     -* ), 0.960,  0.960,  0.980,  0.980,  0.990
   2    7_race( (                         |                     -* ), 0.960,  0.960,  0.980,  0.980,  0.990
   3    10_sex( (                         |                      -*), 0.960,  0.980,  0.990,  1.000,  1.000
   4   10_race( (                         |                      -*), 0.960,  0.980,  0.990,  1.000,  1.000
   4    17_sex( (                         |                      -*), 0.960,  0.980,  0.990,  1.000,  1.000
   4   17_race( (                         |                      -*), 0.960,  0.980,  0.990,  1.000,  1.000
   4    27_sex( (                         |                       *), 0.990,  0.990,  0.990,  1.000,  1.000
   4   27_race( (                         |                       *), 0.990,  0.990,  0.990,  1.000,  1.000
   5    20_sex( (                         |                       *), 0.960,  0.990,  1.000,  1.000,  1.000
   5   20_race( (                         |                       *), 0.960,  0.990,  1.000,  1.000,  1.000

CleanCOMPAS53-prec+

   1     7_sex( (                         |               ---*---- ), 0.730,  0.840,  0.890,  0.970,  0.990
   1    7_race( (                         |               ---*---- ), 0.730,  0.840,  0.890,  0.970,  0.990
   1    10_sex( (                         |                ---*--- ), 0.740,  0.850,  0.920,  0.950,  0.990
   1   10_race( (                         |                ---*--- ), 0.740,  0.850,  0.920,  0.950,  0.990
   2    17_sex( (                         |                   --*- ), 0.870,  0.920,  0.950,  0.970,  0.990
   2   17_race( (                         |                   --*- ), 0.870,  0.920,  0.950,  0.970,  0.990
   3    20_sex( (                         |                     -* ), 0.900,  0.950,  0.980,  0.990,  1.000
   4   20_race( (                         |                     -* ), 0.900,  0.950,  0.980,  0.990,  1.000
   5     1_sex( (                         |                     --*), 0.850,  0.960,  0.990,  1.000,  1.000
   5    1_race( (                         |                     --*), 0.850,  0.960,  0.990,  1.000,  1.000
   5    27_sex( (                         |                      -*), 0.950,  0.970,  0.990,  0.990,  0.990
   5   27_race( (                         |                      -*), 0.950,  0.970,  0.990,  0.990,  0.990

CleanCOMPAS53-acc+

   1     7_sex( (                         |  ------*--------       ), 0.880,  0.930,  0.950,  0.970,  0.980
   1    7_race( (                         |  ------*--------       ), 0.880,  0.930,  0.950,  0.970,  0.980
   1    10_sex( (                        -|-----------*-----       ), 0.880,  0.920,  0.960,  0.970,  0.980
   2   10_race( (                        -|-----------*-----       ), 0.880,  0.920,  0.960,  0.970,  0.980
   3     1_sex( (                         |           ---*--       ), 0.930,  0.960,  0.970,  0.970,  0.980
   3    1_race( (                         |           ---*--       ), 0.930,  0.960,  0.970,  0.970,  0.980
   3    17_sex( (                         |           ---*-----    ), 0.940,  0.960,  0.970,  0.980,  0.990
   3   17_race( (                         |           ---*-----    ), 0.940,  0.960,  0.970,  0.980,  0.990
   4    20_sex( (                         |              ---*----- ), 0.960,  0.970,  0.980,  0.990,  1.000
   4   20_race( (                         |              ---*----- ), 0.960,  0.970,  0.980,  0.990,  1.000
   5    27_sex( (                         |                 ---*   ), 0.980,  0.980,  0.990,  0.990,  0.990
   6   27_race( (                         |                 ---*   ), 0.980,  0.980,  0.990,  0.990,  0.990

CleanCOMPAS53-F1+

   1     7_sex( (                         |                  --*-  ), 0.840,  0.900,  0.940,  0.970,  0.980
   1    7_race( (                         |                  --*-  ), 0.840,  0.900,  0.940,  0.970,  0.980
   1    10_sex( (                         |                   --*  ), 0.850,  0.910,  0.950,  0.970,  0.980
   1   10_race( (                         |                   --*  ), 0.850,  0.910,  0.950,  0.970,  0.980
   2     1_sex( (                         |                     *  ), 0.900,  0.950,  0.960,  0.970,  0.980
   3    1_race( (                         |                     *  ), 0.900,  0.950,  0.960,  0.970,  0.980
   3    17_sex( (                         |                     *- ), 0.920,  0.950,  0.960,  0.970,  0.990
   3   17_race( (                         |                     *- ), 0.920,  0.950,  0.960,  0.970,  0.990
   4    20_sex( (                         |                      * ), 0.940,  0.970,  0.980,  0.990,  1.000
   5   20_race( (                         |                      * ), 0.940,  0.970,  0.980,  0.990,  1.000
   6    27_sex( (                         |                      -*), 0.970,  0.980,  0.990,  0.990,  0.990
   6   27_race( (                         |                      -*), 0.970,  0.980,  0.990,  0.990,  0.990

CleanCOMPAS53-AOD-

   1     1_sex( (                       --|-*-----                 ), -0.040,  -0.020,  -0.000,  0.010,  0.030
   1     7_sex( (                     ----|-*-------               ), -0.060,  -0.030,  0.000,  0.020,  0.040
   1   10_race( (                         | *-----------           ), -0.030,  0.000,  0.000,  0.030,  0.060
   1    17_sex( (                       --|-*-----------           ), -0.030,  -0.020,  0.000,  0.030,  0.060
   1    20_sex( (                         | *-------               ), -0.020,  0.000,  0.000,  0.020,  0.040
   1   20_race( (                         |-*-----                 ), -0.020,  -0.010,  0.000,  0.020,  0.030
   1    27_sex( (                         | *-----                 ), -0.020,  0.000,  0.000,  0.020,  0.030
   1   27_race( (                         |-*---                   ), -0.020,  -0.010,  -0.000,  -0.000,  0.020
   1    7_race( (                         |---*-------             ), -0.020,  -0.010,  0.010,  0.020,  0.050
   1    10_sex( (                       --|---*---                 ), -0.040,  -0.020,  0.010,  0.020,  0.030
   1   17_race( (                         | --*---------           ), -0.030,  0.000,  0.010,  0.020,  0.060
   2    1_race( (                         | ----*-------           ), -0.020,  -0.000,  0.020,  0.030,  0.060

CleanCOMPAS53-EOD-

   1   27_race( (                         |-*--------              ), -0.040,  -0.030,  -0.020,  0.000,  0.050
   2     1_sex( (                         |   *----                ), -0.090,  -0.000,  0.000,  0.010,  0.040
   2    1_race( (                         |   *-------             ), -0.040,  0.000,  0.000,  0.020,  0.060
   2    7_race( (                         |---*-----------         ), -0.070,  -0.030,  0.000,  0.050,  0.090
   2   10_race( (                         | --*-----------         ), -0.050,  -0.020,  0.000,  0.050,  0.090
   2    17_sex( (                        -|---*-----------         ), -0.060,  -0.040,  0.000,  0.040,  0.090
   2   20_race( (                         | --*------              ), -0.030,  -0.020,  0.000,  0.030,  0.050
   2     7_sex( (                        -|-----*-----             ), -0.140,  -0.040,  0.010,  0.030,  0.060
   2    10_sex( (                         |-----*------            ), -0.120,  -0.030,  0.010,  0.030,  0.070
   3   17_race( (                         | ----*----------        ), -0.050,  -0.020,  0.010,  0.040,  0.100
   3    20_sex( (                         |   --*------            ), -0.040,  0.000,  0.010,  0.030,  0.070
   3    27_sex( (                         |     *--                ), -0.030,  0.010,  0.010,  0.020,  0.040

CleanCOMPAS53-SPD-

   1    7_race( (            ----*--------|--                      ), 0.040,  0.070,  0.090,  0.130,  0.160
   1   27_race( (            ----*--------|----                    ), 0.010,  0.070,  0.090,  0.120,  0.170
   1   10_race( (            -----*-------|--                      ), 0.020,  0.070,  0.100,  0.120,  0.160
   1   17_race( (            -----*-------|----                    ), 0.030,  0.070,  0.100,  0.120,  0.170
   1   20_race( (          -------*-------|-------                 ), 0.010,  0.060,  0.100,  0.120,  0.190
   2    1_race( (              -----*-----|----                    ), 0.030,  0.080,  0.110,  0.150,  0.170
   3    17_sex( (                   --*---|------------------      ), 0.040,  0.110,  0.120,  0.190,  0.250
   3     7_sex( (                   ----*-|----------------        ), 0.040,  0.110,  0.130,  0.170,  0.240
   3    10_sex( (                     ---*|---------------         ), 0.040,  0.120,  0.140,  0.170,  0.230
   3    20_sex( (                     ---*|------------------      ), 0.030,  0.120,  0.140,  0.190,  0.250
   3    27_sex( (                     ---*|----------------        ), 0.040,  0.120,  0.140,  0.190,  0.240
   3     1_sex( (                ---------|--*-------------        ), 0.060,  0.090,  0.160,  0.190,  0.240

CleanCOMPAS53-FA0-

   1     1_sex( (*------------------------|-                       ), 0.000,  0.000,  0.000,  0.000,  0.230
   1    20_sex( (*---------               |                        ), 0.000,  0.000,  0.000,  0.000,  0.090
   2    27_sex( (*------                  |                        ), 0.000,  0.000,  0.000,  0.000,  0.060
   3    1_race( (-*--------------         |                        ), 0.000,  0.000,  0.010,  0.020,  0.140
   4   27_race( (  *--                    |                        ), 0.000,  0.020,  0.020,  0.040,  0.050
   5   20_race( (---*-----                |                        ), 0.000,  0.000,  0.030,  0.040,  0.080
   6   17_race( (   --*-----              |                        ), 0.000,  0.030,  0.050,  0.060,  0.100
   6    17_sex( (-------*-------          |                        ), 0.000,  0.000,  0.060,  0.080,  0.130
   7   10_race( (   -----*----------------|                        ), 0.000,  0.030,  0.070,  0.140,  0.220
   7     7_sex( (---------*---------------|----------------        ), 0.000,  0.000,  0.080,  0.200,  0.360
   7    7_race( (  --------*--------------|---                     ), 0.000,  0.020,  0.090,  0.160,  0.250
   7    10_sex( (-------------*-----------|---                     ), 0.000,  0.000,  0.110,  0.170,  0.250

CleanCOMPAS53-FA1-

   1    1_race( (*--------------          |                        ), 0.000,  0.000,  0.000,  0.070,  0.100
   1   20_race( (*--------------------    |                        ), 0.000,  0.000,  0.000,  0.070,  0.140
   1   27_race( (*------                  |                        ), 0.000,  0.000,  0.000,  0.000,  0.050
   2     1_sex( (-*-------------          |                        ), 0.000,  0.000,  0.010,  0.040,  0.100
   2    27_sex( ( *----                   |                        ), 0.000,  0.010,  0.010,  0.030,  0.040
   3    20_sex( (----*-------             |                        ), 0.000,  0.000,  0.030,  0.040,  0.080
   4    17_sex( (    ---*-----------      |                        ), 0.000,  0.030,  0.050,  0.070,  0.130
   5   17_race( (---------*------------   |                        ), 0.000,  0.000,  0.060,  0.110,  0.150
   6    10_sex( (      ----*--------------|-------------           ), 0.000,  0.040,  0.070,  0.140,  0.260
   6    7_race( (      -------*-----------|-------------           ), 0.000,  0.040,  0.090,  0.160,  0.260
   6   10_race( (       --------*---------|-----------------       ), 0.000,  0.050,  0.100,  0.130,  0.290
   6     7_sex( (    ------------*--------|--------                ), 0.000,  0.030,  0.110,  0.130,  0.230
Processing GermanCredit.csv:  83%|█████████████████████████████████████████████████████████████████████████████████████                 | 5/6 [00:05<00:01,  1.55s/it]
GermanCredit-recall+

   1     1_sex( (                   ------|----*------------------ ), 0.000,  0.400,  0.620,  0.810,  1.000
   2     7_sex( (                         |             --*--      ), 0.730,  0.790,  0.840,  0.860,  0.900
   3    10_sex( (                         |               -*----   ), 0.780,  0.830,  0.850,  0.890,  0.950
   4    17_sex( (                         |                  --*-  ), 0.840,  0.890,  0.930,  0.950,  0.980
   5    20_sex( (                         |                    *-  ), 0.900,  0.930,  0.940,  0.960,  0.980
   6    28_sex( (                         |                    --* ), 0.920,  0.930,  0.970,  0.980,  1.000

GermanCredit-prec+

   1     1_sex( ( -*----                  |                        ), 0.000,  0.020,  0.040,  0.110,  0.150
   2     7_sex( (                         | ---*-------            ), 0.460,  0.540,  0.590,  0.620,  0.750
   3    10_sex( (                         |        --*             ), 0.640,  0.670,  0.700,  0.720,  0.730
   4    17_sex( (                         |              -*---     ), 0.730,  0.790,  0.810,  0.850,  0.890
   5    20_sex( (                         |                -*---   ), 0.760,  0.830,  0.850,  0.870,  0.930
   6    28_sex( (                         |                   *--  ), 0.850,  0.880,  0.890,  0.920,  0.950

GermanCredit-acc+

   1     1_sex( (    --*-------           |                        ), 0.670,  0.690,  0.700,  0.720,  0.750
   2     7_sex( (                        -|--*-----                ), 0.800,  0.820,  0.840,  0.860,  0.880
   3    10_sex( (                         |     -*------           ), 0.860,  0.860,  0.870,  0.880,  0.910
   4    17_sex( (                         |              --*--     ), 0.900,  0.920,  0.930,  0.940,  0.950
   5    20_sex( (                         |                -*--    ), 0.920,  0.930,  0.940,  0.950,  0.960
   6    28_sex( (                         |                   -*-- ), 0.940,  0.950,  0.960,  0.970,  0.980

GermanCredit-F1+

   1     1_sex( (  --*-------             |                        ), 0.000,  0.040,  0.080,  0.200,  0.240
   2     7_sex( (                         |      ---*---           ), 0.600,  0.640,  0.690,  0.720,  0.760
   3    10_sex( (                         |            -*--        ), 0.720,  0.740,  0.770,  0.790,  0.820
   4    17_sex( (                         |                 -*-    ), 0.810,  0.840,  0.870,  0.890,  0.910
   5    20_sex( (                         |                   -*   ), 0.860,  0.880,  0.900,  0.910,  0.930
   6    28_sex( (                         |                    -*- ), 0.880,  0.900,  0.930,  0.950,  0.960

GermanCredit-AOD-

   1     1_sex( (                 -*----- |                        ), -0.050,  -0.010,  0.000,  0.020,  0.040
   1    28_sex( (               ---*------|                        ), -0.030,  -0.020,  0.000,  0.030,  0.050
   2    10_sex( (                 ----*---|--------                ), -0.100,  -0.010,  0.020,  0.060,  0.100
   3    20_sex( (                  ---*---|-----                   ), -0.030,  0.000,  0.020,  0.050,  0.080
   3    17_sex( (                  -----*-|--------                ), -0.070,  0.000,  0.030,  0.050,  0.100
   4     7_sex( (                  -------|--*-------------        ), -0.020,  0.000,  0.060,  0.080,  0.150

GermanCredit-EOD-

   1     1_sex( (                ---*-----|-                       ), -0.110,  -0.020,  0.010,  0.040,  0.090
   1    28_sex( (                -----*---|---                     ), -0.080,  -0.020,  0.030,  0.060,  0.110
   2    10_sex( (                 -----*--|-------                 ), -0.160,  -0.010,  0.040,  0.110,  0.160
   2    20_sex( (                 -----*--|-------                 ), -0.080,  -0.010,  0.040,  0.090,  0.160
   3    17_sex( (               ----------|-*-------               ), -0.140,  -0.040,  0.090,  0.110,  0.180
   4     7_sex( (                  -------|----*---------          ), -0.050,  0.000,  0.120,  0.150,  0.230

GermanCredit-SPD-

   1     1_sex( (  --*----                |                        ), 0.000,  0.010,  0.020,  0.030,  0.040
   2    17_sex( (           --*-----------|--------                ), 0.010,  0.050,  0.060,  0.090,  0.150
   2    28_sex( (         ----*-----------|--------------          ), 0.020,  0.040,  0.060,  0.100,  0.180
   3    10_sex( (         ------*---------|--------                ), 0.020,  0.040,  0.070,  0.090,  0.150
   3    20_sex( (         ------*---------|--------                ), 0.010,  0.040,  0.070,  0.100,  0.150
   4     7_sex( (           ---------*----|----------              ), 0.030,  0.050,  0.090,  0.120,  0.160

GermanCredit-FA0-

   1    28_sex( (  --*---                 |                        ), 0.000,  0.050,  0.100,  0.110,  0.170
   2    17_sex( (    -*--------           |                        ), 0.040,  0.100,  0.120,  0.170,  0.290
   2    20_sex( (   --*---                |                        ), 0.000,  0.080,  0.120,  0.160,  0.190
   3    10_sex( (            -*------     |                        ), 0.120,  0.250,  0.280,  0.310,  0.420
   4     7_sex( (            ---*---------|-                       ), 0.210,  0.260,  0.320,  0.410,  0.550
   5     1_sex( (                         |                  --*-- ), 0.760,  0.890,  0.940,  1.000,  1.000

GermanCredit-FA1-

   1    28_sex( (  ---*--                 |                        ), 0.020,  0.060,  0.110,  0.140,  0.170
   2    20_sex( (      -*-----            |                        ), 0.080,  0.130,  0.150,  0.180,  0.270
   3    17_sex( (      ---*------         |                        ), 0.080,  0.140,  0.190,  0.240,  0.330
   4    10_sex( (              *----      |                        ), 0.220,  0.290,  0.300,  0.340,  0.400
   5     7_sex( (                    --*--|                        ), 0.240,  0.420,  0.450,  0.490,  0.540
   6     1_sex( (                         |                  ----* ), 0.770,  0.900,  0.970,  0.980,  1.000
Processing GermanCredit.csv: 100%|██████████████████████████████████████████████████████████████████████████████████████████████████████| 6/6 [00:05<00:00,  1.07it/s]
laurenalvarez@Laurens-MacBook-Pro sublime % 
