(base) laurenalvarez@Laurens-MacBook-Air sublime % python sk.py     
Processing CleanCOMPAS53.csv:   0%|                       | 0/2 [00:00<?, ?it/s]
CleanCOMPAS53-recall+

   1     1_Age( (*                        |                        ), 0.660,  0.660,  0.660,  0.660,  0.660
   2     1_sex( (*                        |                        ), 0.660,  0.660,  0.660,  0.660,  0.660
   3    1_race( (*                        |                        ), 0.660,  0.660,  0.660,  0.660,  0.660
   4     2_Age( (                         |             *          ), 0.810,  0.810,  0.810,  0.810,  0.810
   5     2_sex( (                         |             *          ), 0.810,  0.810,  0.810,  0.810,  0.810
   6    2_race( (                         |             *          ), 0.810,  0.810,  0.810,  0.810,  0.810
   6     3_Age( (                         |             *          ), 0.810,  0.810,  0.810,  0.810,  0.810
   6     3_sex( (                         |             *          ), 0.810,  0.810,  0.810,  0.810,  0.810
   6    3_race( (                         |             *          ), 0.810,  0.810,  0.810,  0.810,  0.810
   7     5_Age( (                         |                *       ), 0.820,  0.820,  0.820,  0.820,  0.820
   8     5_sex( (                         |                *       ), 0.820,  0.820,  0.820,  0.820,  0.820
   9    5_race( (                         |                *       ), 0.820,  0.820,  0.820,  0.820,  0.820
  10    27_Age( (                         |                       *), 0.850,  0.850,  0.850,  0.850,  0.850
  11    27_sex( (                         |                       *), 0.850,  0.850,  0.850,  0.850,  0.850
  12   27_race( (                         |                       *), 0.850,  0.850,  0.850,  0.850,  0.850

CleanCOMPAS53-prec+

   1     1_Age( (*                        |                        ), 0.430,  0.430,  0.430,  0.430,  0.430
   2     1_sex( (*                        |                        ), 0.430,  0.430,  0.430,  0.430,  0.430
   3    1_race( (*                        |                        ), 0.430,  0.430,  0.430,  0.430,  0.430
   4     2_Age( (                 *       |                        ), 0.580,  0.580,  0.580,  0.580,  0.580
   5     2_sex( (                 *       |                        ), 0.580,  0.580,  0.580,  0.580,  0.580
   6    2_race( (                 *       |                        ), 0.580,  0.580,  0.580,  0.580,  0.580
   7     3_Age( (                    *    |                        ), 0.610,  0.610,  0.610,  0.610,  0.610
   7     3_sex( (                    *    |                        ), 0.610,  0.610,  0.610,  0.610,  0.610
   7    3_race( (                    *    |                        ), 0.610,  0.610,  0.610,  0.610,  0.610
   8     5_Age( (                         |         *              ), 0.740,  0.740,  0.740,  0.740,  0.740
   9     5_sex( (                         |         *              ), 0.740,  0.740,  0.740,  0.740,  0.740
  10    5_race( (                         |         *              ), 0.740,  0.740,  0.740,  0.740,  0.740
  11    27_Age( (                         |                       *), 0.870,  0.870,  0.870,  0.870,  0.870
  12    27_sex( (                         |                       *), 0.870,  0.870,  0.870,  0.870,  0.870
  13   27_race( (                         |                       *), 0.870,  0.870,  0.870,  0.870,  0.870

CleanCOMPAS53-acc+

   1     1_Age( (*                        |                        ), 0.640,  0.640,  0.640,  0.640,  0.640
   2     1_sex( (*                        |                        ), 0.640,  0.640,  0.640,  0.640,  0.640
   3    1_race( (*                        |                        ), 0.640,  0.640,  0.640,  0.640,  0.640
   4     2_Age( (                     *   |                        ), 0.740,  0.740,  0.740,  0.740,  0.740
   5     2_sex( (                     *   |                        ), 0.740,  0.740,  0.740,  0.740,  0.740
   6    2_race( (                     *   |                        ), 0.740,  0.740,  0.740,  0.740,  0.740
   7     3_Age( (                         |*                       ), 0.760,  0.760,  0.760,  0.760,  0.760
   7     3_sex( (                         |*                       ), 0.760,  0.760,  0.760,  0.760,  0.760
   7    3_race( (                         |*                       ), 0.760,  0.760,  0.760,  0.760,  0.760
   8     5_Age( (                         |          *             ), 0.810,  0.810,  0.810,  0.810,  0.810
   9     5_sex( (                         |          *             ), 0.810,  0.810,  0.810,  0.810,  0.810
  10    5_race( (                         |          *             ), 0.810,  0.810,  0.810,  0.810,  0.810
  11    27_Age( (                         |                       *), 0.870,  0.870,  0.870,  0.870,  0.870
  12    27_sex( (                         |                       *), 0.870,  0.870,  0.870,  0.870,  0.870
  13   27_race( (                         |                       *), 0.870,  0.870,  0.870,  0.870,  0.870

CleanCOMPAS53-F1+

   1     1_Age( (*                        |                        ), 0.520,  0.520,  0.520,  0.520,  0.520
   2     1_sex( (*                        |                        ), 0.520,  0.520,  0.520,  0.520,  0.520
   3    1_race( (*                        |                        ), 0.520,  0.520,  0.520,  0.520,  0.520
   4     2_Age( (                       * |                        ), 0.680,  0.680,  0.680,  0.680,  0.680
   5     2_sex( (                       * |                        ), 0.680,  0.680,  0.680,  0.680,  0.680
   6    2_race( (                       * |                        ), 0.680,  0.680,  0.680,  0.680,  0.680
   7     3_Age( (                         |*                       ), 0.700,  0.700,  0.700,  0.700,  0.700
   8     3_sex( (                         |*                       ), 0.700,  0.700,  0.700,  0.700,  0.700
   9    3_race( (                         |*                       ), 0.700,  0.700,  0.700,  0.700,  0.700
  10     5_Age( (                         |            *           ), 0.780,  0.780,  0.780,  0.780,  0.780
  11     5_sex( (                         |            *           ), 0.780,  0.780,  0.780,  0.780,  0.780
  12    5_race( (                         |            *           ), 0.780,  0.780,  0.780,  0.780,  0.780
  13    27_Age( (                         |                       *), 0.860,  0.860,  0.860,  0.860,  0.860
  13    27_sex( (                         |                       *), 0.860,  0.860,  0.860,  0.860,  0.860
  13   27_race( (                         |                       *), 0.860,  0.860,  0.860,  0.860,  0.860

CleanCOMPAS53-AOD-

   1     3_sex( (*                        |                        ), -0.040,  -0.040,  -0.040,  -0.040,  -0.040
   2    27_sex( (*                        |                        ), -0.040,  -0.040,  -0.040,  -0.040,  -0.040
   3     5_sex( (       *                 |                        ), -0.030,  -0.030,  -0.030,  -0.030,  -0.030
   4     2_Age( (              *          |                        ), -0.020,  -0.020,  -0.020,  -0.020,  -0.020
   4     2_sex( (              *          |                        ), -0.020,  -0.020,  -0.020,  -0.020,  -0.020
   4     5_Age( (              *          |                        ), -0.020,  -0.020,  -0.020,  -0.020,  -0.020
   4    27_Age( (              *          |                        ), -0.020,  -0.020,  -0.020,  -0.020,  -0.020
   5     1_sex( (                     *   |                        ), -0.010,  -0.010,  -0.010,  -0.010,  -0.010
   6     1_Age( (                         |  *                     ), 0.000,  0.000,  0.000,  0.000,  0.000
   7    2_race( (                         |  *                     ), 0.000,  0.000,  0.000,  0.000,  0.000
   8     3_Age( (                         |  *                     ), 0.000,  0.000,  0.000,  0.000,  0.000
   9    1_race( (                         |                *       ), 0.020,  0.020,  0.020,  0.020,  0.020
  10    3_race( (                         |                *       ), 0.020,  0.020,  0.020,  0.020,  0.020
  11    5_race( (                         |                *       ), 0.020,  0.020,  0.020,  0.020,  0.020
  12   27_race( (                         |                       *), 0.030,  0.030,  0.030,  0.030,  0.030

CleanCOMPAS53-EOD-

   1     5_sex( (*                        |                        ), -0.070,  -0.070,  -0.070,  -0.070,  -0.070
   2    27_sex( (*                        |                        ), -0.070,  -0.070,  -0.070,  -0.070,  -0.070
   3     3_sex( (         *               |                        ), -0.050,  -0.050,  -0.050,  -0.050,  -0.050
   4     2_sex( (             *           |                        ), -0.040,  -0.040,  -0.040,  -0.040,  -0.040
   5     1_sex( (                      *  |                        ), -0.020,  -0.020,  -0.020,  -0.020,  -0.020
   6     2_Age( (                         | *                      ), -0.010,  -0.010,  -0.010,  -0.010,  -0.010
   7     1_Age( (                         |     *                  ), -0.000,  -0.000,  -0.000,  -0.000,  -0.000
   8    2_race( (                         |          *             ), 0.010,  0.010,  0.010,  0.010,  0.010
   9     3_Age( (                         |          *             ), 0.010,  0.010,  0.010,  0.010,  0.010
  10    1_race( (                         |              *         ), 0.020,  0.020,  0.020,  0.020,  0.020
  11     5_Age( (                         |              *         ), 0.020,  0.020,  0.020,  0.020,  0.020
  12    27_Age( (                         |              *         ), 0.020,  0.020,  0.020,  0.020,  0.020
  13    3_race( (                         |                   *    ), 0.030,  0.030,  0.030,  0.030,  0.030
  14    5_race( (                         |                       *), 0.040,  0.040,  0.040,  0.040,  0.040
  14   27_race( (                         |                       *), 0.040,  0.040,  0.040,  0.040,  0.040

CleanCOMPAS53-SPD-

   1     1_Age( (*                        |                        ), 0.020,  0.020,  0.020,  0.020,  0.020
   2    2_race( (   *                     |                        ), 0.030,  0.030,  0.030,  0.030,  0.030
   3    1_race( (      *                  |                        ), 0.040,  0.040,  0.040,  0.040,  0.040
   4    3_race( (      *                  |                        ), 0.040,  0.040,  0.040,  0.040,  0.040
   5     1_sex( (         *               |                        ), 0.050,  0.050,  0.050,  0.050,  0.050
   6    5_race( (         *               |                        ), 0.050,  0.050,  0.050,  0.050,  0.050
   7     3_Age( (             *           |                        ), 0.060,  0.060,  0.060,  0.060,  0.060
   8   27_race( (                *        |                        ), 0.070,  0.070,  0.070,  0.070,  0.070
   9     2_Age( (                   *     |                        ), 0.080,  0.080,  0.080,  0.080,  0.080
  10     5_Age( (                       * |                        ), 0.090,  0.090,  0.090,  0.090,  0.090
  11     2_sex( (                         |*                       ), 0.100,  0.100,  0.100,  0.100,  0.100
  12    27_Age( (                         |   *                    ), 0.110,  0.110,  0.110,  0.110,  0.110
  13     3_sex( (                         |       *                ), 0.120,  0.120,  0.120,  0.120,  0.120
  14     5_sex( (                         |          *             ), 0.130,  0.130,  0.130,  0.130,  0.130
  15    27_sex( (                         |                       *), 0.170,  0.170,  0.170,  0.170,  0.170

CleanCOMPAS53-FA0-

   1   27_race( (*                        |                        ), 0.110,  0.110,  0.110,  0.110,  0.110
   2    27_Age( ( *                       |                        ), 0.120,  0.120,  0.120,  0.120,  0.120
   3    27_sex( (        *                |                        ), 0.190,  0.190,  0.190,  0.190,  0.190
   4    5_race( (              *          |                        ), 0.250,  0.250,  0.250,  0.250,  0.250
   5     5_Age( (               *         |                        ), 0.260,  0.260,  0.260,  0.260,  0.260
   6     5_sex( (                      *  |                        ), 0.330,  0.330,  0.330,  0.330,  0.330
   7    3_race( (                         |  *                     ), 0.380,  0.380,  0.380,  0.380,  0.380
   8     3_Age( (                         |   *                    ), 0.390,  0.390,  0.390,  0.390,  0.390
   9    2_race( (                         |      *                 ), 0.420,  0.420,  0.420,  0.420,  0.420
  10     2_Age( (                         |       *                ), 0.430,  0.430,  0.430,  0.430,  0.430
  11     3_sex( (                         |       *                ), 0.430,  0.430,  0.430,  0.430,  0.430
  12     2_sex( (                         |          *             ), 0.460,  0.460,  0.460,  0.460,  0.460
  13    1_race( (                         |                    *   ), 0.560,  0.560,  0.560,  0.560,  0.560
  14     1_Age( (                         |                     *  ), 0.570,  0.570,  0.570,  0.570,  0.570
  15     1_sex( (                         |                       *), 0.590,  0.590,  0.590,  0.590,  0.590

CleanCOMPAS53-FA1-

   1    27_sex( (*                        |                        ), 0.120,  0.120,  0.120,  0.120,  0.120
   2    27_Age( (  *                      |                        ), 0.140,  0.140,  0.140,  0.140,  0.140
   3   27_race( (    *                    |                        ), 0.160,  0.160,  0.160,  0.160,  0.160
   4     5_sex( (              *          |                        ), 0.250,  0.250,  0.250,  0.250,  0.250
   5     5_Age( (                *        |                        ), 0.270,  0.270,  0.270,  0.270,  0.270
   6    5_race( (                  *      |                        ), 0.290,  0.290,  0.290,  0.290,  0.290
   7     3_sex( (                         |  *                     ), 0.380,  0.380,  0.380,  0.380,  0.380
   8     3_Age( (                         |   *                    ), 0.390,  0.390,  0.390,  0.390,  0.390
   9    3_race( (                         |     *                  ), 0.410,  0.410,  0.410,  0.410,  0.410
  10     2_Age( (                         |      *                 ), 0.420,  0.420,  0.420,  0.420,  0.420
  11     2_sex( (                         |      *                 ), 0.420,  0.420,  0.420,  0.420,  0.420
  12    2_race( (                         |       *                ), 0.430,  0.430,  0.430,  0.430,  0.430
  13     1_Age( (                         |                      * ), 0.570,  0.570,  0.570,  0.570,  0.570
  14     1_sex( (                         |                      * ), 0.570,  0.570,  0.570,  0.570,  0.570
  15    1_race( (                         |                       *), 0.580,  0.580,  0.580,  0.580,  0.580
Processing diabetes.csv:   0%|                            | 0/2 [00:00<?, ?it/s]
diabetes-recall+

   1     1_Age( (*                        |                        ), 0.570,  0.570,  0.570,  0.570,  0.570
   2     2_Age( (                         |          *             ), 0.680,  0.680,  0.680,  0.680,  0.680
   3     3_Age( (                         |             *          ), 0.690,  0.690,  0.690,  0.690,  0.690
   4     5_Age( (                         |                    *   ), 0.710,  0.710,  0.710,  0.710,  0.710
   5    24_Age( (                         |                       *), 0.720,  0.720,  0.720,  0.720,  0.720

diabetes-prec+

   1     1_Age( (*                        |                        ), 0.450,  0.450,  0.450,  0.450,  0.450
   2     2_Age( (                         |                    *   ), 0.570,  0.570,  0.570,  0.570,  0.570
   2     3_Age( (                         |                    *   ), 0.570,  0.570,  0.570,  0.570,  0.570
   3    24_Age( (                         |                    *   ), 0.570,  0.570,  0.570,  0.570,  0.570
   4     5_Age( (                         |                       *), 0.580,  0.580,  0.580,  0.580,  0.580

diabetes-acc+

   1     1_Age( (*                        |                        ), 0.690,  0.690,  0.690,  0.690,  0.690
   2     2_Age( (                         |           *            ), 0.750,  0.750,  0.750,  0.750,  0.750
   3     3_Age( (                         |                 *      ), 0.760,  0.760,  0.760,  0.760,  0.760
   4     5_Age( (                         |                       *), 0.770,  0.770,  0.770,  0.770,  0.770
   4    24_Age( (                         |                       *), 0.770,  0.770,  0.770,  0.770,  0.770

diabetes-F1+

   1     1_Age( (*                        |                        ), 0.500,  0.500,  0.500,  0.500,  0.500
   2     2_Age( (                         |                *       ), 0.620,  0.620,  0.620,  0.620,  0.620
   3     3_Age( (                         |                *       ), 0.620,  0.620,  0.620,  0.620,  0.620
   4     5_Age( (                         |                       *), 0.640,  0.640,  0.640,  0.640,  0.640
   5    24_Age( (                         |                       *), 0.640,  0.640,  0.640,  0.640,  0.640

diabetes-AOD-

   1     1_Age( (*                        |                        ), 0.080,  0.080,  0.080,  0.080,  0.080
   2     2_Age( (                         |                *       ), 0.140,  0.140,  0.140,  0.140,  0.140
   2     5_Age( (                         |                *       ), 0.140,  0.140,  0.140,  0.140,  0.140
   3    24_Age( (                         |                *       ), 0.140,  0.140,  0.140,  0.140,  0.140
   4     3_Age( (                         |                       *), 0.150,  0.150,  0.150,  0.150,  0.150

diabetes-EOD-

   1     1_Age( (*                        |                        ), 0.060,  0.060,  0.060,  0.060,  0.060
   2     2_Age( (                         |                *       ), 0.120,  0.120,  0.120,  0.120,  0.120
   2     3_Age( (                         |                *       ), 0.120,  0.120,  0.120,  0.120,  0.120
   3     5_Age( (                         |                *       ), 0.120,  0.120,  0.120,  0.120,  0.120
   4    24_Age( (                         |                       *), 0.130,  0.130,  0.130,  0.130,  0.130

diabetes-SPD-

   1     1_Age( (*                        |                        ), 0.150,  0.150,  0.150,  0.150,  0.150
   2     2_Age( (                         |                   *    ), 0.260,  0.260,  0.260,  0.260,  0.260
   2     5_Age( (                         |                   *    ), 0.260,  0.260,  0.260,  0.260,  0.260
   3    24_Age( (                         |                   *    ), 0.260,  0.260,  0.260,  0.260,  0.260
   4     3_Age( (                         |                       *), 0.270,  0.270,  0.270,  0.270,  0.270

diabetes-FA0-

   1     2_Age( (*                        |                        ), 0.410,  0.410,  0.410,  0.410,  0.410
   1     3_Age( (*                        |                        ), 0.410,  0.410,  0.410,  0.410,  0.410
   1     5_Age( (*                        |                        ), 0.410,  0.410,  0.410,  0.410,  0.410
   2    24_Age( (*                        |                        ), 0.410,  0.410,  0.410,  0.410,  0.410
   3     1_Age( (                         |                       *), 0.540,  0.540,  0.540,  0.540,  0.540

diabetes-FA1-

   1     5_Age( (*                        |                        ), 0.520,  0.520,  0.520,  0.520,  0.520
   2     3_Age( (      *                  |                        ), 0.530,  0.530,  0.530,  0.530,  0.530
   3     2_Age( (            *            |                        ), 0.540,  0.540,  0.540,  0.540,  0.540
   4    24_Age( (            *            |                        ), 0.540,  0.540,  0.540,  0.540,  0.540
   5     1_Age( (                         |                       *), 0.600,  0.600,  0.600,  0.600,  0.600
Processing diabetes.csv: 100%|████████████████████| 2/2 [00:00<00:00, 20.79it/s]
(base) laurenalvarez@Laurens-MacBook-Air sublime % 
